1.149160263127225
0.6196209725386552
3.220688167271277
-0.9603407671380824
3.0893408432179843
-2.52845923444497
-1.7708928564012858
0.12114075089346166
-2.9235544680727954
-0.8517839147574566
-3.4908549666166278
-2.3496643986105736
1.8582482022309446
-0.7465161530494138
-1.5950792930107847
-3.3328627324228233
3.4862119009151176
-1.8103944314726093
-1.3624205565764482
-1.73612225458875
-4.071476728907512
3.0922446260821594
2.4949891621832556
-4.485726185176414
-4.497601450527653
-1.676330330985012
3.8271728037647463
-3.23242389815697
4.798867832962948
-2.5813647969584963
-1.1681775462395483
2.3462604758360825
-2.6674775980539476
1.122475772364286
2.5348891614714795
-0.4176382647914556
3.1995511962461514
-2.2577847623180936
-2.32533307617543
-2.9419289068440735
2.9564061113081674
-1.4319795559316848
-4.626939193614572
-4.485784734922287
-1.7127888422882585
0.5849782446325911
-4.326964767499131
0.17763448967213158
4.040022008584106
-2.031643488427356
